   -0.49783608
    0.02295370
    0.26001791
   -0.05956278
   -0.52600907
    0.06574143
    0.05122447
   -0.33246561
    0.13448552
   -0.29725874
    0.20740765
    0.05138641
    0.09264273
    0.07279102
    0.20653585
    0.06856779
    0.06484743
    0.19644646
    0.21808392
   -0.28741873
    0.02223420
    0.23815613
   -0.05958399
   -0.51505057
    0.07782411
    0.05283355
   -0.30834955
    0.13302962
   -0.26985684
    0.15443704
    0.12060141
    0.11132222
    0.10714253
    0.23117581
    0.09431672
    0.09718633
   -0.20033769
    0.01188124
    0.40905727
   -0.10522671
   -0.46157084
    0.56728386
   -0.50101258
   -0.47644259
    0.24177953
    0.16794929
    0.17675370
    0.16988552
   -0.38247838
    0.03339141
    0.31337080
   -0.06503205
   -0.51354420
    0.07527766
    0.05867310
   -0.32366807
    0.13405881
   -0.26646713
    0.19785061
    0.09113789
    0.09929035
    0.12115347
    0.23497357
    0.09748122
    0.09453093
   -0.31536834
    0.02686656
    0.29826996
   -0.05897730
   -0.51845943
    0.07485465
    0.05375806
   -0.32722862
    0.13194170
   -0.25765575
    0.16075571
    0.10127945
    0.09922067
    0.09924905
    0.22137984
    0.12828534
    0.08182847
   -0.29842095
    0.03022996
    0.30895043
   -0.09407788
   -0.51203248
    0.17517734
    0.09157211
    0.09563935
    0.09147973
    0.11148238
   -0.28558143
    0.02707695
    0.32271891
   -0.09643446
   -0.52045059
    0.15772782
    0.09536641
    0.10899975
    0.09369505
    0.09688157
   -0.31422280
    0.03008106
    0.25865262
   -0.02161840
   -0.53339460
   -0.08954096
   -0.08923848
    0.13241412
    0.07036847
    0.06689290
    0.08012248
    0.07177171
    0.07581730
    0.07312696
    0.11789564
    0.07087198
   -0.23013668
   -0.02339498
    0.30364994
   -0.50219296
    0.19387090
    0.13029474
    0.12790904
   -0.26437434
   -0.01798522
    0.31119064
   -0.47908047
    0.19280732
    0.09774687
    0.15969520
   -0.29119312
   -0.02894966
    0.31942170
   -0.48503972
    0.22905712
    0.13207952
    0.12462415
   -0.29269338
   -0.01894023
    0.31473969
   -0.48136858
    0.20267427
    0.11557641
    0.16001182
   -0.30309111
   -0.02451990
    0.31934484
   -0.48294276
    0.25175114
    0.12303608
    0.11642171
   -0.29804544
   -0.01642563
    0.31460323
   -0.47916277
    0.19707215
    0.11193270
    0.17002576
   -0.29547159
   -0.02571868
    0.31958329
   -0.48239520
    0.23511761
    0.12716690
    0.12171766
   -0.29062181
   -0.01995488
    0.31078361
   -0.47705736
    0.19704684
    0.11301100
    0.16679260
   -0.29981837
   -0.02785725
    0.30519812
   -0.49176222
    0.26457135
    0.12532553
    0.12434285
   -0.29435755
    0.00868574
    0.53146646
   -0.11097101
   -0.51057130
   -0.51092590
    0.22956475
    0.16410820
    0.15992807
    0.15644382
    0.17662870
