# indices of neighbouring atoms (max seven)
2 11 18 19
1 3 4 12
2 5 20
2 6 13 14
3
4 7 8
6 10 16
6 9 15
8 10 17
7 9
1
2
4
4
8
7
9
1
1
3 21 30
20 22 23 31
21 24 37
21 25 32 33
22
23 26 27
25 29 35
25 28 34
27 29 36
26 28
20
21
23
23
27
26
28
22 38 45
37 39 40 46
38 41 49
38 42 47 48
39
40 43 44
42
42
37
38
40
40
39 50 59
49 51 52 60
50 53 66
50 54 61 62
51
52 55 56
54 58 64
54 57 63
56 58 65
55 57
49
50
52
52
56
55
57
51 67 76
66 68 69 77
67 70 83
67 71 78 79
68
69 72 73
71 75 81
71 74 80
73 75 82
72 74
66
67
69
69
73
72
74
68 84 88
83 85 86 89
84 87 93
84 90 91 92
85
83
84
86
86
86
85 94 98
93 95 96 99
94 97 103
94 100 101 102
95
93
94
96
96
96
95 104 110
103 105 106 111
104 107 119
104 108 109 112
105
106 113 114 115
106 116 117 118
103
104
106
108
108
108
109
109
109
105 120 123
119 121 124 125
120 122 126
121
119
120
120
121 127 130
126 128 131 132
127 129 133
128
126
127
127
128 134 137
133 135 138 139
134 136 140
135
133
134
134
135 141 144
140 142 145 146
141 143 147
142
140
141
141
142 148 151
147 149 152 153
148 150 154
149
147
148
148
149 155 158
154 156 159 160
155 157 161
156
154
155
155
156 162 165
161 163 166 167
162 164 168
163
161
162
162
163 169 172
168 170 173 174
169 171 175
170
168
169
169
170 176 179
175 177 180 181
176 178 182
177
175
176
176
177 183 188
182 184 185 189
183 186 187
183 190 191 192
184
184
182
183
185
185
185
